15403
3817
11092
11498
19033
12394
1489
1433
3144
4740
2340
5855
19667
17874
7032
5601
3836
12911
6536
16566
14593
15484
16011
7591
5027
12961
17045
11916
1927
877
3520
623
7258
821
7878
1328
19376
18042
19822
2411
13560
5799
17098
19824
10936
11793
1068
11791
7077
1218
7685
7400
8252
6818
3479
16589
10994
15248
12630
1304
3740
12314
10449
17893
13301
4225
14364
12524
16495
19357
15514
8819
3327
15131
5275
10881
9833
6563
11224
1459
10617
12033
12356
886
19007
6827
17281
19825
11270
14201
16304
2291
4369
8753
11822
8174
6149
16189
5394
1167