16953
6427
3801
8445
19740
441
16552
5549
15632
15676
18017
18664
7717
18532
6292
7015
1605
6212
15893
6712
11021
10890
2119
19115
14114
9428
6022
17331
5647
195
18000
14682
11221
4521
11272
15068
8646
10448
6110
8638
16632
12241
13239
1815
5472
14493
11860
5975
1673
10656
10688
11503
11868
17661
9639
10192
2386
16562
2143
4642
15152
4781
17454
7616
6356
7369
18456
13449
9991
8548
17587
15518
2189
16965
14336
3711
19623
2437
18022
12479
9886
1481
19620
2664
11316
3399
10690
4829
18325
14509
17580
1578
17379
3058
1280
18650
3122
9074
19329
9328